1  1  0.551417    
1  2  -3.750000    
2  1  -7.121082    
2  2  -3.750000    
3  1  0.787837    
3  2  0.000000    
4  1  -6.183596    
4  2  0.000000    
5  1  0.695976    
5  2  3.750000    
6  1  0.015258    
6  2  7.500000    
7  1  -7.483290    
7  2  7.500000    
8  1  -14.545183    
8  2  7.500000    
9  1  -21.597513    
9  2  7.500000    
10  1  -29.092950    
10  2  7.500000    
11  1  -36.207115    
11  2  7.500000    
12  1  -43.155742    
12  2  7.500000    
